4.98004889366208e-05
0.00935547797379031
-0.000134379624955246
0.000369687669608905
0.00254820005455992
-0.000300000000000000
-0.000132851116215904
0.00406345888019770
0.00204757087821582
0.00159309176398336
0.00533204653541707
0.00492526449961143
0.000921039470334942
0.00264189202881321
0.00288938588960448
0.000351335421402932
0.00389004176240136
0.00495167989023768
0.000969184518792328
0.00689211336279514
0.00384362616571443
0.00760913793774540
0.00569063557023830
0.00149766779070470
0.00570637655286102
0.000160408062649254
-2.62153888492800e-05
0.00364828394569272
0.000471462897065185
0.00322945359389874
0.00146142644689260
0.00697799091018752
0.000953977806420971
-0.000264703863674472
0.00104964420015718
0.00224238380262362
0.00303589413521952
0.00159223052357355
0.00231314323916229
-2.01752890171920e-05
0.00288938588960448
0.00364828394569272
0.000471462897065185
0.00264189202881321
0.00254820005455992
0.00303589413521952
0.00689211336279514
-0.000264703863674472
0.00159223052357355
0.00697799091018752
0.00760913793774540
0.00322945359389874
0.00533204653541707
0.00495167989023768
0.00224238380262362
0.00935547797379031
4.98004889366208e-05
-0.000132851116215904
-2.01752890171920e-05
-0.000300000000000000
0.000351335421402932
0.00569063557023830
-2.62153888492800e-05
0.000969184518792328
0.00231314323916229
0.00406345888019770
0.000921039470334942
0.00492526449961143
0.00149766779070470
0.00204757087821582
0.00384362616571443
0.00159309176398336
-0.000134379624955246
0.000369687669608905
0.000953977806420971
0.00146142644689260
0.00570637655286102
0.00104964420015718
0.000160408062649254
0.00389004176240136
0.000969184518792328
0.00492526449961143
0.00533204653541707
0.00231314323916229
0.00697799091018752
0.000351335421402932
0.00104964420015718
0.00384362616571443
0.00570637655286102
0.000953977806420971
-2.62153888492800e-05
-0.000300000000000000
0.00569063557023830
0.00689211336279514
4.98004889366208e-05
0.00204757087821582
-2.01752890171920e-05
0.00146142644689260
0.00495167989023768
0.00149766779070470
0.000921039470334942
0.00303589413521952
0.000369687669608905
0.00159309176398336
0.00389004176240136
-0.000134379624955246
0.000160408062649254
0.00364828394569272
0.000471462897065185
0.00322945359389874
0.00406345888019770
-0.000132851116215904
0.00264189202881321
0.00760913793774540
0.00224238380262362
0.00935547797379031
-0.000264703863674472
0.00254820005455992
0.00288938588960448
0.00159223052357355
-0.000134379624955246
0.00697799091018752
0.000160408062649254
-0.000132851116215904
4.98004889366208e-05
-2.01752890171920e-05
0.00364828394569272
0.000351335421402932
0.00689211336279514
0.00288938588960448
0.000921039470334942
0.000471462897065185
-2.62153888492800e-05
0.00322945359389874
0.00204757087821582
0.00264189202881321
0.00303589413521952
0.00569063557023830
0.00231314323916229
0.00406345888019770
0.00570637655286102
0.00146142644689260
0.00533204653541707
0.00224238380262362
0.00104964420015718
0.00149766779070470
0.000969184518792328
0.00495167989023768
0.00760913793774540
0.000369687669608905
0.00159309176398336
0.00254820005455992
0.00384362616571443
-0.000300000000000000
0.00389004176240136
0.00159223052357355
0.000953977806420971
0.00492526449961143
-0.000264703863674472
0.00935547797379031
0.00264189202881321
0.00288938588960448
0.00159309176398336
0.00322945359389874
0.00254820005455992
-0.000300000000000000
0.000351335421402932
0.000160408062649254
0.00149766779070470
0.00533204653541707
-0.000134379624955246
0.00760913793774540
0.00224238380262362
0.00492526449961143
-2.62153888492800e-05
0.00935547797379031
0.000369687669608905
-0.000264703863674472
0.00104964420015718
0.00689211336279514
0.000953977806420971
0.00303589413521952
0.00159223052357355
0.00384362616571443
0.00204757087821582
0.00364828394569272
0.000969184518792328
0.00389004176240136
0.00570637655286102
0.00495167989023768
0.00569063557023830
0.00697799091018752
0.000471462897065185
4.98004889366208e-05
-2.01752890171920e-05
0.00231314323916229
0.000921039470334942
0.00146142644689260
-0.000132851116215904
0.00406345888019770