140 
4 
4 
4 
4 
3 
3 
3 
3 
4 
4 
4 
4 
3 
3 
3 
3 
4 
4 
4 
4 
3 
3 
3 
3 
4 
4 
4 
4 
3 
3 
3 
3 
4 
4 
4 
4 
3 
3 
3 
3 
2 
3 
5 
34 
1 
4 
6 
9 
1 
4 
7 
36 
2 
3 
8 
11 
1 
6 
7 
2 
5 
8 
3 
5 
8 
4 
6 
7 
2 
10 
11 
13 
9 
12 
14 
17 
4 
9 
12 
15 
10 
11 
16 
19 
9 
14 
15 
10 
13 
16 
11 
13 
16 
12 
14 
15 
10 
18 
19 
21 
17 
20 
22 
25 
12 
17 
20 
23 
18 
19 
24 
27 
17 
22 
23 
18 
21 
24 
19 
21 
24 
20 
22 
23 
18 
26 
27 
29 
25 
28 
30 
33 
20 
25 
28 
31 
26 
27 
32 
35 
25 
30 
31 
26 
29 
32 
27 
29 
32 
28 
30 
31 
26 
34 
35 
37 
1 
33 
36 
38 
28 
33 
36 
39 
3 
34 
35 
40 
33 
38 
39 
34 
37 
40 
35 
37 
40 
36 
38 
39 
