0.6232 
0.6394 
0.6187 
0.3816 
0.4070 
0.4099 
0.3160 
0.4349 
0.3900 
0.6988 
0.5435 
0.5668 
0.3913 
0.5773 
0.3558 
0.3040 
0.4879 
0.4311 
0.6829 
0.6803 
0.4043 
0.5601 
0.6802 
0.4857 
0.3772 
0.3670 
0.3518 
0.4908 
0.5031 
0.5735 
0.4894 
0.3531 
0.5584 
0.4404 
0.3045 
0.5618 
0.5705 
0.5320 
0.3905 
0.3530 
0.5290 
0.6100 
0.6427 
0.5928 
0.3405 
0.5381 
0.4089 
0.5229 
0.6456 
0.5264 
0.4902 
0.4037 
0.4474 
0.6472 
0.6850 
0.5049 
0.3711 
0.4454 
0.4675 
0.3307 
0.5873 
0.5104 
0.3865 
0.4291 
0.5349 
0.4501 
0.3486 
0.5477 
0.6989 
0.3282 
0.3171 
0.3777 
0.4159 
0.5903 
0.6893 
0.3797 
0.3077 
0.3169 
0.4390 
0.3600 
0.6954 
0.6452 
0.6222 
0.5349 
0.5256 
0.5305 
0.3331 
0.6171 
0.3759 
0.3277 
0.5822 
0.5227 
0.4434 
0.4918 
0.6435 
0.6711 
0.4291 
0.6021 
0.3802 
0.4497 
0.3232 
0.6817 
0.5797 
0.6742 
0.3350 
0.5450 
0.6867 
0.3007 
0.5780 
0.3949 
0.5738 
0.5768 
0.5138 
0.6496 
0.5819 
0.4469 
0.6584 
0.6582 
0.3555 
0.3774 
0.6031 
0.4111 
0.3209 
0.6015 
0.5887 
0.5785 
0.3406 
0.3653 
0.4545 
0.3052 
0.6349 
0.3163 
0.5441 
0.5042 
0.6823 
0.5096 
0.6641 
0.5158 
0.3212 
0.4447 
