0
1.37445e-06
4.12334e-06
6.87223e-06
9.62111e-06
1.237e-05
1.51189e-05
1.78678e-05
2.06166e-05
2.33655e-05
2.61143e-05
2.88632e-05
3.1612e-05
3.43609e-05
3.71097e-05
3.98585e-05
4.26073e-05
4.53561e-05
4.81049e-05
5.08536e-05
5.36024e-05
5.63511e-05
5.90998e-05
6.18485e-05
6.45971e-05
6.73458e-05
7.00944e-05
7.2843e-05
7.55916e-05
7.83402e-05
8.10887e-05
8.38373e-05
8.65857e-05
8.93342e-05
9.20827e-05
9.48311e-05
9.75794e-05
0.000100328
0.000103076
0.000105824
0.000108573
0.000111321
0.000114069
0.000116817
0.000119565
0.000122313
0.000125062
0.00012781
0.000130557
0.000133305
0.000136053
0.000138801
0.000141549
0.000144297
0.000147044
0.000149792
0.00015254
0.000155287
0.000158035
0.000160782
0.00016353
0.000166277
0.000169025
0.000171772
0.000174519
0.000177266
0.000180013
0.000182761
0.000185508
0.000188255
0.000191001
0.000193748
0.000196495
0.000199242
0.000201989
0.000204735
0.000207482
0.000210228
0.000212975
0.000215721
0.000218467
0.000221214
0.00022396
0.000226706
0.000229452
0.000232198
0.000234944
0.000237689
0.000240435

