7 
9 
7 
12 
5 
11 
6 
10 
8 
9 
9 
10 
10 
7 
4 
7 
6 
9 
4 
6 
8 
7 
7 
11 
11 
5 
10 
32 
55 
110 
188 
194 
11 
13 
15 
24 
48 
99 
111 
118 
183 
3 
26 
29 
62 
68 
128 
136 
25 
28 
47 
64 
71 
77 
90 
103 
146 
157 
161 
199 
44 
73 
129 
170 
191 
12 
20 
35 
83 
84 
95 
114 
131 
160 
166 
172 
23 
49 
74 
79 
89 
149 
43 
46 
58 
63 
70 
72 
113 
189 
190 
198 
27 
109 
127 
133 
148 
151 
152 
167 
41 
61 
92 
117 
150 
156 
177 
182 
192 
14 
19 
31 
33 
76 
78 
87 
100 
121 
4 
40 
67 
86 
97 
108 
120 
158 
173 
185 
16 
21 
52 
88 
105 
134 
140 
143 
164 
200 
6 
56 
116 
125 
137 
139 
184 
54 
130 
154 
197 
17 
59 
66 
85 
93 
126 
145 
7 
98 
104 
171 
179 
187 
45 
53 
60 
101 
102 
119 
132 
138 
176 
80 
135 
147 
165 
42 
69 
81 
91 
142 
169 
34 
75 
82 
94 
123 
168 
174 
180 
36 
50 
106 
112 
162 
186 
196 
2 
8 
9 
65 
96 
155 
159 
18 
22 
30 
37 
38 
39 
107 
141 
153 
181 
195 
1 
51 
57 
115 
122 
124 
144 
163 
175 
178 
193 
