0.3421 
0.3513 
0.3350 
0.3462 
0.5991 
0.4532 
0.5320 
0.3200 
0.4728 
0.5008 
0.6224 
0.6256 
0.4326 
0.6860 
0.3223 
0.3467 
0.4638 
0.5270 
0.4980 
0.6129 
0.5875 
0.4561 
0.5955 
0.6860 
0.5715 
0.6023 
0.5320 
0.3638 
0.6529 
0.6900 
0.5536 
0.6058 
0.4980 
0.3790 
0.6681 
0.4443 
0.3638 
0.3099 
0.6243 
0.3868 
0.4256 
0.3653 
0.3979 
0.6060 
0.3055 
0.3424 
0.4699 
0.5274 
0.3631 
0.5041 
0.5645 
0.4092 
0.3933 
0.5469 
0.5532 
0.5133 
0.4880 
0.4650 
0.3462 
0.3609 
0.5409 
0.4693 
0.3316 
0.5440 
0.6645 
0.3759 
0.3894 
0.4664 
0.6887 
0.4968 
0.5781 
0.3921 
0.6748 
0.6400 
0.4399 
0.5703 
0.3506 
0.4088 
0.5076 
0.5591 
0.4442 
0.4377 
0.4305 
0.4775 
0.6652 
0.6945 
0.6232 
0.4778 
0.5175 
0.4058 
0.5452 
0.3125 
0.5717 
0.3629 
0.3189 
0.3920 
0.5046 
0.3703 
0.6395 
0.4402 
0.4190 
0.4706 
0.3564 
0.4585 
0.5449 
0.5910 
0.6951 
0.3870 
0.5745 
0.4826 
0.4371 
0.6688 
0.6370 
0.3187 
0.5056 
0.4900 
0.4011 
0.6323 
0.3227 
0.5506 
0.4893 
0.3113 
0.3421 
0.3205 
0.3884 
0.6673 
0.5559 
0.5879 
0.3262 
0.4301 
0.6776 
0.4670 
0.3112 
0.5238 
0.3723 
0.3353 
0.3098 
0.4559 
0.3051 
0.5161 
0.5799 
0.4840 
0.6524 
0.4238 
0.4155 
0.5801 
0.4932 
0.5424 
0.5090 
0.3152 
0.5038 
0.5942 
0.4930 
0.6891 
0.6880 
0.6065 
0.6108 
0.3138 
0.3253 
0.5812 
0.4999 
0.3568 
0.3310 
0.6433 
0.6237 
0.6246 
0.6477 
0.3102 
0.6050 
0.5871 
0.5467 
0.5735 
0.5882 
0.6235 
0.4252 
0.3666 
0.3136 
0.6720 
0.5071 
0.3407 
0.5447 
0.3733 
0.3194 
0.3222 
0.3639 
0.6934 
0.6150 
0.5114 
0.4277 
0.3191 
0.4321 
0.5906 
0.4737 
0.3191 
0.4408 
0.4478 
0.5058 
0.4505 
0.4414 
0.4786 
0.6474 
0.6079 
0.4766 
0.5144 
0.6469 
0.5891 
0.3779 
0.5483 
0.5862 
0.6814 
0.6121 
0.5045 
0.5269 
0.3250 
0.5971 
0.6347 
0.5701 
0.4093 
0.4402 
0.4582 
0.4630 
0.5102 
0.6113 
0.4698 
0.3732 
0.6201 
0.6262 
0.6243 
0.4286 
0.3941 
0.4215 
0.6082 
0.6642 
0.4255 
0.6364 
0.3125 
0.6973 
0.4916 
0.4341 
0.6440 
0.5539 
0.3709 
0.3434 
0.4582 
0.6021 
0.5607 
0.6379 
0.6121 
0.3157 
0.6095 
0.6267 
0.3241 
0.3766 
0.3259 
0.4828 
0.3976 
0.6584 
0.3010 
0.6572 
0.6674 
0.5442 
0.3632 
0.3221 
0.5225 
0.4189 
0.5081 
0.5928 
0.5243 
0.3562 
0.6692 
0.5308 
0.5804 
0.6182 
0.6885 
0.3302 
0.5070 
0.3978 
0.6293 
0.3831 
0.4879 
0.4638 
0.5263 
0.4866 
0.5958 
0.3799 
0.5610 
0.5695 
0.3481 
0.3023 
0.6738 
0.5041 
0.6601 
0.4623 
0.4526 
0.4720 
0.5557 
0.5363 
0.4590 
0.3811 
0.3146 
0.6428 
0.5797 
0.5396 
0.6066 
0.3723 
0.4758 
0.4660 
0.6646 
0.6536 
0.5066 
0.4822 
0.4370 
0.5029 
0.3648 
0.4350 
0.4734 
0.3997 
0.4486 
0.5073 
0.3363 
0.4133 
0.4590 
0.4836 
0.3257 
0.6634 
0.6635 
0.4367 
0.6815 
0.6638 
0.5828 
0.6764 
0.6993 
0.4571 
0.5437 
0.6210 
0.3075 
0.4552 
0.3033 
0.6037 
0.6518 
0.6769 
0.3951 
0.3196 
0.3312 
0.6061 
0.3852 
0.5574 
0.4520 
0.5440 
0.6033 
0.5084 
0.4314 
0.5341 
0.4984 
0.4402 
0.5110 
0.3407 
0.3603 
0.6109 
0.4441 
0.3668 
0.4986 
0.3103 
0.3631 
0.6828 
0.4359 
0.4681 
0.6851 
0.5932 
0.6951 
0.3599 
0.4426 
0.3159 
0.4069 
0.4411 
0.6898 
0.3271 
0.5345 
0.3641 
0.5777 
0.5401 
0.6222 
0.4446 
0.6563 
0.5295 
0.5905 
0.4268 
0.3239 
0.3202 
0.4157 
0.6788 
0.6853 
0.6242 
0.4029 
0.4878 
0.3205 
0.6884 
0.4497 
0.5406 
0.6756 
0.3460 
0.5539 
0.5638 
0.5987 
0.6965 
0.5416 
0.5324 
0.6009 
0.4872 
0.6402 
0.3546 
0.3189 
0.5091 
0.6536 
0.3238 
0.5683 
0.5588 
0.6288 
0.5539 
0.6952 
0.6326 
0.4940 
0.3383 
0.4623 
0.6615 
0.6847 
0.3070 
0.3731 
0.3485 
0.6381 
0.4942 
0.3744 
0.5329 
0.6517 
0.4372 
0.4863 
0.3204 
0.4054 
0.6588 
0.4938 
0.5616 
0.3909 
0.6667 
0.6799 
0.5909 
0.3163 
0.6249 
0.4306 
0.6077 
0.5080 
0.3303 
0.6706 
0.3277 
0.6029 
0.6150 
0.6196 
0.3504 
0.6251 
0.6697 
0.6390 
0.5823 
0.3306 
0.4830 
0.4923 
0.5946 
0.4886 
0.5696 
0.4179 
0.6515 
0.3044 
0.4994 
0.6539 
0.4793 
0.3380 
0.4417 
0.4676 
0.5982 
0.4666 
0.6636 
0.4471 
0.3951 
0.5317 
0.4457 
0.5508 
0.4785 
0.6082 
0.3962 
0.3984 
0.6508 
0.5604 
0.6573 
0.3593 
0.6280 
0.4329 
0.4757 
0.4019 
0.6992 
0.4570 
0.3206 
0.5745 
0.4554 
0.4655 
0.5562 
0.4094 
0.4440 
0.3588 
0.6239 
0.5965 
0.6657 
0.5784 
0.5822 
0.4149 
0.3899 
0.5234 
0.4276 
0.6393 
0.5382 
0.5618 
0.3464 
0.6632 
0.3011 
0.3871 
0.5930 
0.3815 
0.6847 
0.4672 
0.5782 
0.6192 
0.5650 
0.4204 
0.6940 
0.3059 
0.3738 
0.4146 
0.3141 
0.4931 
0.6434 
0.6477 
0.6255 
0.5760 
0.3566 
0.6043 
0.5796 
0.4417 
0.5344 
0.4260 
0.3858 
0.6683 
0.6951 
0.3922 
0.3658 
0.5204 
0.6474 
0.6516 
0.6486 
0.3166 
0.5695 
0.6404 
0.3034 
0.6245 
0.6720 
0.5418 
0.5030 
0.4107 
0.4551 
0.6285 
0.6983 
0.3418 
0.6591 
0.4002 
0.3528 
0.6468 
0.3335 
0.3085 
0.3923 
0.3491 
0.6995 
0.4947 
0.3405 
0.6699 
0.6901 
0.3255 
0.4129 
0.6609 
0.4036 
0.3115 
0.5533 
0.4495 
0.5684 
0.3206 
0.4297 
0.3580 
0.6758 
0.6980 
0.5775 
0.3747 
0.5125 
0.6884 
0.5611 
0.6163 
0.5575 
0.4634 
0.6067 
0.5242 
0.6175 
0.4056 
0.3689 
0.5058 
0.3230 
0.4791 
0.3481 
0.5120 
0.4470 
0.4399 
0.4760 
0.4366 
0.5555 
0.6022 
0.5773 
0.4289 
0.4761 
0.4965 
0.4001 
0.4685 
0.3895 
0.5590 
0.4888 
0.6510 
0.3494 
0.5848 
0.5697 
0.3554 
0.4340 
0.5163 
0.3716 
0.4399 
0.3820 
0.5095 
0.6006 
0.5405 
0.3352 
0.5342 
0.5290 
0.3774 
0.6620 
0.5118 
0.4087 
0.5291 
0.5198 
0.3249 
0.5612 
0.4307 
0.5910 
0.5976 
0.6562 
0.4923 
0.6158 
0.5128 
0.5003 
0.5631 
0.5927 
0.5104 
0.5521 
0.5908 
0.6899 
0.6215 
0.6363 
0.6454 
0.5080 
0.3902 
0.6365 
0.4143 
0.3359 
0.5295 
0.5589 
0.5773 
0.3023 
0.5127 
0.5443 
0.3689 
0.5131 
0.5313 
0.4278 
0.6072 
0.3763 
0.4243 
0.3079 
0.6713 
0.6385 
0.3516 
0.4483 
0.5146 
0.4348 
0.6562 
0.4315 
0.5477 
0.6964 
0.6190 
0.5585 
0.3115 
